# kind nAtoms frames pass rep compute_ms
synth 1000 1 1 0 4.584
synth 1000 1 1 1 4.581
synth 1000 1 1 2 4.569
synth 1000 1 1 3 4.564
synth 1000 1 1 4 4.574
synth 1000 1 1 5 4.597
synth 1000 1 1 6 4.568
synth 1000 1 1 7 4.576
synth 1000 1 1 8 4.576
synth 1000 1 1 9 4.581
synth 1000 1 1 10 4.582
synth 1000 1 1 11 4.573
synth 1000 1 1 12 4.570
synth 1000 1 1 13 4.580
synth 1000 1 1 14 4.567
synth 1000 1 1 15 4.602
synth 1000 1 1 16 4.582
synth 1000 1 1 17 4.576
synth 1000 1 1 18 4.567
synth 1000 1 1 19 4.572
synth 1000 1 1 20 4.566
synth 2000 1 1 0 6.921
synth 2000 1 1 1 6.904
synth 2000 1 1 2 6.929
synth 2000 1 1 3 6.917
synth 2000 1 1 4 6.877
synth 2000 1 1 5 6.952
synth 2000 1 1 6 6.914
synth 2000 1 1 7 6.928
synth 2000 1 1 8 6.914
synth 2000 1 1 9 6.926
synth 2000 1 1 10 6.912
synth 2000 1 1 11 6.931
synth 2000 1 1 12 6.858
synth 2000 1 1 13 6.929
synth 2000 1 1 14 6.922
synth 2000 1 1 15 6.938
synth 2000 1 1 16 6.939
synth 2000 1 1 17 6.953
synth 2000 1 1 18 6.916
synth 2000 1 1 19 6.929
synth 2000 1 1 20 6.906
synth 4000 1 1 0 7.029
synth 4000 1 1 1 7.021
synth 4000 1 1 2 7.027
synth 4000 1 1 3 7.011
synth 4000 1 1 4 7.022
synth 4000 1 1 5 7.021
synth 4000 1 1 6 7.008
synth 4000 1 1 7 7.021
synth 4000 1 1 8 7.016
synth 4000 1 1 9 7.011
synth 4000 1 1 10 7.022
synth 4000 1 1 11 7.017
synth 4000 1 1 12 7.015
synth 4000 1 1 13 6.631
synth 4000 1 1 14 6.000
synth 4000 1 1 15 6.002
synth 4000 1 1 16 5.999
synth 4000 1 1 17 6.009
synth 4000 1 1 18 6.002
synth 4000 1 1 19 6.002
synth 4000 1 1 20 5.999
synth 8000 1 1 0 8.767
synth 8000 1 1 1 8.747
synth 8000 1 1 2 8.763
synth 8000 1 1 3 8.748
synth 8000 1 1 4 8.764
synth 8000 1 1 5 8.751
synth 8000 1 1 6 8.751
synth 8000 1 1 7 8.762
synth 8000 1 1 8 8.753
synth 8000 1 1 9 8.745
synth 8000 1 1 10 8.760
synth 8000 1 1 11 8.756
synth 8000 1 1 12 8.755
synth 8000 1 1 13 8.755
synth 8000 1 1 14 8.761
synth 8000 1 1 15 7.025
synth 8000 1 1 16 5.271
synth 8000 1 1 17 5.255
synth 8000 1 1 18 5.257
synth 8000 1 1 19 5.274
synth 8000 1 1 20 5.257
synth 16000 1 1 0 16.983
synth 16000 1 1 1 16.801
synth 16000 1 1 2 17.040
synth 16000 1 1 3 17.055
synth 16000 1 1 4 16.967
synth 16000 1 1 5 17.026
synth 16000 1 1 6 16.785
synth 16000 1 1 7 16.926
synth 16000 1 1 8 16.642
synth 16000 1 1 9 16.843
synth 16000 1 1 10 17.164
synth 16000 1 1 11 16.624
synth 16000 1 1 12 17.118
synth 16000 1 1 13 16.419
synth 16000 1 1 14 9.171
synth 16000 1 1 15 9.396
synth 16000 1 1 16 9.365
synth 16000 1 1 17 9.175
synth 16000 1 1 18 9.336
synth 16000 1 1 19 9.250
synth 16000 1 1 20 9.169
synth 32000 1 1 0 32.162
synth 32000 1 1 1 32.271
synth 32000 1 1 2 32.168
synth 32000 1 1 3 32.200
synth 32000 1 1 4 32.107
synth 32000 1 1 5 32.167
synth 32000 1 1 6 25.132
synth 32000 1 1 7 17.697
synth 32000 1 1 8 17.805
synth 32000 1 1 9 17.718
synth 32000 1 1 10 17.841
synth 32000 1 1 11 17.687
synth 32000 1 1 12 17.759
synth 32000 1 1 13 17.806
synth 32000 1 1 14 17.775
synth 32000 1 1 15 17.748
synth 32000 1 1 16 17.835
synth 32000 1 1 17 17.633
synth 32000 1 1 18 17.750
synth 32000 1 1 19 17.738
synth 32000 1 1 20 17.736
cubic 4096 1 1 0 8.398
cubic 4096 1 1 1 8.398
cubic 4096 1 1 2 8.371
cubic 4096 1 1 3 8.372
cubic 4096 1 1 4 8.380
cubic 4096 1 1 5 8.383
cubic 4096 1 1 6 8.371
cubic 4096 1 1 7 8.373
cubic 4096 1 1 8 8.371
cubic 4096 1 1 9 8.368
cubic 4096 1 1 10 8.376
cubic 4096 1 1 11 8.374
cubic 4096 1 1 12 8.363
cubic 4096 1 1 13 8.371
cubic 4096 1 1 14 8.380
cubic 4096 1 1 15 8.370
cubic 4096 1 1 16 8.372
cubic 4096 1 1 17 8.372
cubic 4096 1 1 18 8.365
cubic 4096 1 1 19 8.369
cubic 4096 1 1 20 8.367
cubic 4096 2 1 0 9.211
cubic 4096 2 1 1 9.210
cubic 4096 2 1 2 9.189
cubic 4096 2 1 3 9.202
cubic 4096 2 1 4 9.184
cubic 4096 2 1 5 9.194
cubic 4096 2 1 6 9.193
cubic 4096 2 1 7 9.184
cubic 4096 2 1 8 9.182
cubic 4096 2 1 9 9.187
cubic 4096 2 1 10 9.176
cubic 4096 2 1 11 9.199
cubic 4096 2 1 12 8.399
cubic 4096 2 1 13 6.375
cubic 4096 2 1 14 6.385
cubic 4096 2 1 15 6.378
cubic 4096 2 1 16 6.373
cubic 4096 2 1 17 6.382
cubic 4096 2 1 18 6.391
cubic 4096 2 1 19 6.382
cubic 4096 2 1 20 6.384
cubic 4096 4 1 0 14.096
cubic 4096 4 1 1 14.014
cubic 4096 4 1 2 14.063
cubic 4096 4 1 3 14.105
cubic 4096 4 1 4 14.047
cubic 4096 4 1 5 14.082
cubic 4096 4 1 6 14.017
cubic 4096 4 1 7 14.134
cubic 4096 4 1 8 14.003
cubic 4096 4 1 9 14.114
cubic 4096 4 1 10 14.080
cubic 4096 4 1 11 13.992
cubic 4096 4 1 12 14.034
cubic 4096 4 1 13 9.193
cubic 4096 4 1 14 7.737
cubic 4096 4 1 15 7.737
cubic 4096 4 1 16 7.741
cubic 4096 4 1 17 7.748
cubic 4096 4 1 18 7.741
cubic 4096 4 1 19 7.832
cubic 4096 4 1 20 7.781
cubic 4096 8 1 0 22.320
cubic 4096 8 1 1 22.336
cubic 4096 8 1 2 22.116
cubic 4096 8 1 3 22.174
cubic 4096 8 1 4 22.145
cubic 4096 8 1 5 21.993
cubic 4096 8 1 6 21.865
cubic 4096 8 1 7 21.994
cubic 4096 8 1 8 20.848
cubic 4096 8 1 9 12.044
cubic 4096 8 1 10 12.025
cubic 4096 8 1 11 12.097
cubic 4096 8 1 12 12.017
cubic 4096 8 1 13 12.175
cubic 4096 8 1 14 12.204
cubic 4096 8 1 15 12.270
cubic 4096 8 1 16 12.077
cubic 4096 8 1 17 12.013
cubic 4096 8 1 18 12.102
cubic 4096 8 1 19 12.223
cubic 4096 8 1 20 12.204
cubic 4096 11 1 0 27.290
cubic 4096 11 1 1 27.295
cubic 4096 11 1 2 27.395
cubic 4096 11 1 3 27.391
cubic 4096 11 1 4 22.974
cubic 4096 11 1 5 18.106
cubic 4096 11 1 6 18.169
cubic 4096 11 1 7 18.185
cubic 4096 11 1 8 18.159
cubic 4096 11 1 9 18.113
cubic 4096 11 1 10 18.105
cubic 4096 11 1 11 18.163
cubic 4096 11 1 12 18.061
cubic 4096 11 1 13 18.098
cubic 4096 11 1 14 18.084
cubic 4096 11 1 15 16.257
cubic 4096 11 1 16 15.019
cubic 4096 11 1 17 15.095
cubic 4096 11 1 18 15.081
cubic 4096 11 1 19 15.068
cubic 4096 11 1 20 15.055
synth 1000 1 2 0 4.599
synth 1000 1 2 1 4.578
synth 1000 1 2 2 4.585
synth 1000 1 2 3 4.575
synth 1000 1 2 4 4.580
synth 1000 1 2 5 4.568
synth 1000 1 2 6 4.572
synth 1000 1 2 7 4.557
synth 1000 1 2 8 4.616
synth 1000 1 2 9 4.565
synth 1000 1 2 10 4.584
synth 1000 1 2 11 4.568
synth 1000 1 2 12 4.609
synth 1000 1 2 13 4.566
synth 1000 1 2 14 4.586
synth 1000 1 2 15 4.583
synth 1000 1 2 16 4.579
synth 1000 1 2 17 4.569
synth 1000 1 2 18 4.567
synth 1000 1 2 19 4.576
synth 1000 1 2 20 4.575
synth 2000 1 2 0 6.912
synth 2000 1 2 1 6.943
synth 2000 1 2 2 6.869
synth 2000 1 2 3 6.923
synth 2000 1 2 4 6.902
synth 2000 1 2 5 6.910
synth 2000 1 2 6 6.937
synth 2000 1 2 7 6.917
synth 2000 1 2 8 6.925
synth 2000 1 2 9 6.944
synth 2000 1 2 10 6.920
synth 2000 1 2 11 6.900
synth 2000 1 2 12 6.922
synth 2000 1 2 13 6.939
synth 2000 1 2 14 6.909
synth 2000 1 2 15 6.955
synth 2000 1 2 16 6.919
synth 2000 1 2 17 6.950
synth 2000 1 2 18 4.983
synth 2000 1 2 19 4.506
synth 2000 1 2 20 4.475
synth 4000 1 2 0 7.023
synth 4000 1 2 1 7.015
synth 4000 1 2 2 7.013
synth 4000 1 2 3 7.025
synth 4000 1 2 4 7.032
synth 4000 1 2 5 7.016
synth 4000 1 2 6 7.016
synth 4000 1 2 7 7.018
synth 4000 1 2 8 7.011
synth 4000 1 2 9 7.021
synth 4000 1 2 10 7.020
synth 4000 1 2 11 7.029
synth 4000 1 2 12 7.016
synth 4000 1 2 13 7.021
synth 4000 1 2 14 7.026
synth 4000 1 2 15 7.010
synth 4000 1 2 16 7.015
synth 4000 1 2 17 7.030
synth 4000 1 2 18 7.028
synth 4000 1 2 19 7.020
synth 4000 1 2 20 7.026
synth 8000 1 2 0 8.770
synth 8000 1 2 1 8.775
synth 8000 1 2 2 8.759
synth 8000 1 2 3 8.747
synth 8000 1 2 4 8.754
synth 8000 1 2 5 8.752
synth 8000 1 2 6 8.762
synth 8000 1 2 7 8.761
synth 8000 1 2 8 8.751
synth 8000 1 2 9 8.757
synth 8000 1 2 10 8.760
synth 8000 1 2 11 8.755
synth 8000 1 2 12 8.743
synth 8000 1 2 13 8.755
synth 8000 1 2 14 5.890
synth 8000 1 2 15 5.884
synth 8000 1 2 16 5.889
synth 8000 1 2 17 5.877
synth 8000 1 2 18 5.882
synth 8000 1 2 19 5.884
synth 8000 1 2 20 5.880
synth 16000 1 2 0 16.688
synth 16000 1 2 1 16.894
synth 16000 1 2 2 17.032
synth 16000 1 2 3 17.018
synth 16000 1 2 4 16.885
synth 16000 1 2 5 17.019
synth 16000 1 2 6 17.011
synth 16000 1 2 7 17.165
synth 16000 1 2 8 16.961
synth 16000 1 2 9 17.105
synth 16000 1 2 10 17.055
synth 16000 1 2 11 16.888
synth 16000 1 2 12 16.514
synth 16000 1 2 13 9.271
synth 16000 1 2 14 9.492
synth 16000 1 2 15 9.168
synth 16000 1 2 16 9.278
synth 16000 1 2 17 9.357
synth 16000 1 2 18 9.465
synth 16000 1 2 19 9.204
synth 16000 1 2 20 9.363
synth 32000 1 2 0 32.260
synth 32000 1 2 1 32.144
synth 32000 1 2 2 32.089
synth 32000 1 2 3 32.291
synth 32000 1 2 4 32.271
synth 32000 1 2 5 32.195
synth 32000 1 2 6 30.583
synth 32000 1 2 7 17.645
synth 32000 1 2 8 17.675
synth 32000 1 2 9 17.686
synth 32000 1 2 10 17.606
synth 32000 1 2 11 17.792
synth 32000 1 2 12 17.665
synth 32000 1 2 13 17.702
synth 32000 1 2 14 17.793
synth 32000 1 2 15 17.664
synth 32000 1 2 16 17.860
synth 32000 1 2 17 17.771
synth 32000 1 2 18 17.637
synth 32000 1 2 19 17.739
synth 32000 1 2 20 17.856
cubic 4096 1 2 0 8.361
cubic 4096 1 2 1 8.358
cubic 4096 1 2 2 8.366
cubic 4096 1 2 3 8.382
cubic 4096 1 2 4 8.363
cubic 4096 1 2 5 8.376
cubic 4096 1 2 6 8.373
cubic 4096 1 2 7 8.363
cubic 4096 1 2 8 8.365
cubic 4096 1 2 9 8.354
cubic 4096 1 2 10 8.361
cubic 4096 1 2 11 8.371
cubic 4096 1 2 12 8.363
cubic 4096 1 2 13 8.344
cubic 4096 1 2 14 8.369
cubic 4096 1 2 15 8.363
cubic 4096 1 2 16 8.362
cubic 4096 1 2 17 8.359
cubic 4096 1 2 18 8.367
cubic 4096 1 2 19 8.365
cubic 4096 1 2 20 8.365
cubic 4096 2 2 0 9.209
cubic 4096 2 2 1 9.199
cubic 4096 2 2 2 9.182
cubic 4096 2 2 3 9.191
cubic 4096 2 2 4 9.187
cubic 4096 2 2 5 9.195
cubic 4096 2 2 6 9.202
cubic 4096 2 2 7 9.214
cubic 4096 2 2 8 9.216
cubic 4096 2 2 9 9.189
cubic 4096 2 2 10 9.194
cubic 4096 2 2 11 9.203
cubic 4096 2 2 12 7.683
cubic 4096 2 2 13 6.565
cubic 4096 2 2 14 6.562
cubic 4096 2 2 15 6.559
cubic 4096 2 2 16 6.563
cubic 4096 2 2 17 6.560
cubic 4096 2 2 18 6.561
cubic 4096 2 2 19 6.558
cubic 4096 2 2 20 6.570
cubic 4096 4 2 0 14.124
cubic 4096 4 2 1 14.021
cubic 4096 4 2 2 14.093
cubic 4096 4 2 3 14.042
cubic 4096 4 2 4 14.088
cubic 4096 4 2 5 13.987
cubic 4096 4 2 6 14.075
cubic 4096 4 2 7 14.138
cubic 4096 4 2 8 14.030
cubic 4096 4 2 9 14.102
cubic 4096 4 2 10 12.455
cubic 4096 4 2 11 7.691
cubic 4096 4 2 12 7.713
cubic 4096 4 2 13 7.742
cubic 4096 4 2 14 7.753
cubic 4096 4 2 15 7.756
cubic 4096 4 2 16 7.691
cubic 4096 4 2 17 7.778
cubic 4096 4 2 18 7.693
cubic 4096 4 2 19 7.685
cubic 4096 4 2 20 7.722
cubic 4096 8 2 0 22.271
cubic 4096 8 2 1 22.010
cubic 4096 8 2 2 21.885
cubic 4096 8 2 3 21.917
cubic 4096 8 2 4 21.938
cubic 4096 8 2 5 22.086
cubic 4096 8 2 6 22.265
cubic 4096 8 2 7 21.875
cubic 4096 8 2 8 22.316
cubic 4096 8 2 9 17.740
cubic 4096 8 2 10 12.090
cubic 4096 8 2 11 12.074
cubic 4096 8 2 12 12.107
cubic 4096 8 2 13 12.053
cubic 4096 8 2 14 12.196
cubic 4096 8 2 15 12.236
cubic 4096 8 2 16 11.964
cubic 4096 8 2 17 12.251
cubic 4096 8 2 18 12.150
cubic 4096 8 2 19 12.048
cubic 4096 8 2 20 11.956
cubic 4096 11 2 0 27.363
cubic 4096 11 2 1 27.413
cubic 4096 11 2 2 27.166
cubic 4096 11 2 3 25.406
cubic 4096 11 2 4 23.133
cubic 4096 11 2 5 23.184
cubic 4096 11 2 6 23.151
cubic 4096 11 2 7 23.123
cubic 4096 11 2 8 23.060
cubic 4096 11 2 9 23.115
cubic 4096 11 2 10 23.143
cubic 4096 11 2 11 23.214
cubic 4096 11 2 12 16.239
cubic 4096 11 2 13 15.013
cubic 4096 11 2 14 15.101
cubic 4096 11 2 15 15.092
cubic 4096 11 2 16 15.071
cubic 4096 11 2 17 15.089
cubic 4096 11 2 18 15.055
cubic 4096 11 2 19 15.080
cubic 4096 11 2 20 15.073
synth 1000 1 3 0 4.596
synth 1000 1 3 1 4.587
synth 1000 1 3 2 4.590
synth 1000 1 3 3 4.598
synth 1000 1 3 4 4.590
synth 1000 1 3 5 4.579
synth 1000 1 3 6 4.570
synth 1000 1 3 7 4.570
synth 1000 1 3 8 4.584
synth 1000 1 3 9 4.580
synth 1000 1 3 10 4.568
synth 1000 1 3 11 4.586
synth 1000 1 3 12 4.586
synth 1000 1 3 13 4.577
synth 1000 1 3 14 4.563
synth 1000 1 3 15 4.578
synth 1000 1 3 16 4.573
synth 1000 1 3 17 4.574
synth 1000 1 3 18 4.580
synth 1000 1 3 19 4.581
synth 1000 1 3 20 4.590
synth 2000 1 3 0 6.911
synth 2000 1 3 1 6.883
synth 2000 1 3 2 6.867
synth 2000 1 3 3 6.870
synth 2000 1 3 4 6.909
synth 2000 1 3 5 6.857
synth 2000 1 3 6 6.892
synth 2000 1 3 7 6.956
synth 2000 1 3 8 6.921
synth 2000 1 3 9 6.929
synth 2000 1 3 10 6.919
synth 2000 1 3 11 6.905
synth 2000 1 3 12 6.859
synth 2000 1 3 13 6.869
synth 2000 1 3 14 6.905
synth 2000 1 3 15 6.906
synth 2000 1 3 16 6.870
synth 2000 1 3 17 6.957
synth 2000 1 3 18 6.916
synth 2000 1 3 19 6.906
synth 2000 1 3 20 6.954
synth 4000 1 3 0 7.030
synth 4000 1 3 1 7.034
synth 4000 1 3 2 7.032
synth 4000 1 3 3 7.020
synth 4000 1 3 4 7.023
synth 4000 1 3 5 7.009
synth 4000 1 3 6 7.026
synth 4000 1 3 7 7.026
synth 4000 1 3 8 7.023
synth 4000 1 3 9 7.016
synth 4000 1 3 10 7.024
synth 4000 1 3 11 7.020
synth 4000 1 3 12 7.018
synth 4000 1 3 13 7.028
synth 4000 1 3 14 6.195
synth 4000 1 3 15 5.730
synth 4000 1 3 16 5.749
synth 4000 1 3 17 5.734
synth 4000 1 3 18 5.727
synth 4000 1 3 19 5.732
synth 4000 1 3 20 5.736
synth 8000 1 3 0 8.767
synth 8000 1 3 1 8.765
synth 8000 1 3 2 8.754
synth 8000 1 3 3 8.789
synth 8000 1 3 4 8.751
synth 8000 1 3 5 8.748
synth 8000 1 3 6 8.745
synth 8000 1 3 7 8.746
synth 8000 1 3 8 8.758
synth 8000 1 3 9 8.753
synth 8000 1 3 10 8.753
synth 8000 1 3 11 8.749
synth 8000 1 3 12 8.745
synth 8000 1 3 13 8.758
synth 8000 1 3 14 8.755
synth 8000 1 3 15 8.764
synth 8000 1 3 16 8.744
synth 8000 1 3 17 8.755
synth 8000 1 3 18 8.751
synth 8000 1 3 19 8.769
synth 8000 1 3 20 8.762
synth 16000 1 3 0 16.796
synth 16000 1 3 1 17.008
synth 16000 1 3 2 16.782
synth 16000 1 3 3 17.107
synth 16000 1 3 4 17.080
synth 16000 1 3 5 17.262
synth 16000 1 3 6 15.435
synth 16000 1 3 7 12.085
synth 16000 1 3 8 12.288
synth 16000 1 3 9 12.203
synth 16000 1 3 10 12.333
synth 16000 1 3 11 12.395
synth 16000 1 3 12 12.532
synth 16000 1 3 13 12.312
synth 16000 1 3 14 12.181
synth 16000 1 3 15 12.086
synth 16000 1 3 16 12.081
synth 16000 1 3 17 12.501
synth 16000 1 3 18 12.273
synth 16000 1 3 19 12.214
synth 16000 1 3 20 12.389
synth 32000 1 3 0 32.220
synth 32000 1 3 1 31.962
synth 32000 1 3 2 32.059
synth 32000 1 3 3 27.305
synth 32000 1 3 4 27.268
synth 32000 1 3 5 27.398
synth 32000 1 3 6 27.243
synth 32000 1 3 7 27.165
synth 32000 1 3 8 27.296
synth 32000 1 3 9 27.293
synth 32000 1 3 10 20.481
synth 32000 1 3 11 17.584
synth 32000 1 3 12 17.734
synth 32000 1 3 13 17.820
synth 32000 1 3 14 17.640
synth 32000 1 3 15 17.634
synth 32000 1 3 16 17.572
synth 32000 1 3 17 17.775
synth 32000 1 3 18 17.766
synth 32000 1 3 19 17.811
synth 32000 1 3 20 17.817
cubic 4096 1 3 0 8.380
cubic 4096 1 3 1 8.359
cubic 4096 1 3 2 8.375
cubic 4096 1 3 3 8.377
cubic 4096 1 3 4 8.386
cubic 4096 1 3 5 8.380
cubic 4096 1 3 6 8.366
cubic 4096 1 3 7 8.375
cubic 4096 1 3 8 8.366
cubic 4096 1 3 9 8.364
cubic 4096 1 3 10 8.372
cubic 4096 1 3 11 8.367
cubic 4096 1 3 12 8.373
cubic 4096 1 3 13 8.364
cubic 4096 1 3 14 8.361
cubic 4096 1 3 15 6.640
cubic 4096 1 3 16 5.370
cubic 4096 1 3 17 5.373
cubic 4096 1 3 18 5.378
cubic 4096 1 3 19 5.380
cubic 4096 1 3 20 5.381
cubic 4096 2 3 0 9.204
cubic 4096 2 3 1 9.190
cubic 4096 2 3 2 9.184
cubic 4096 2 3 3 9.197
cubic 4096 2 3 4 9.195
cubic 4096 2 3 5 9.189
cubic 4096 2 3 6 9.192
cubic 4096 2 3 7 9.210
cubic 4096 2 3 8 9.192
cubic 4096 2 3 9 9.186
cubic 4096 2 3 10 9.206
cubic 4096 2 3 11 9.191
cubic 4096 2 3 12 9.189
cubic 4096 2 3 13 9.185
cubic 4096 2 3 14 9.185
cubic 4096 2 3 15 9.193
cubic 4096 2 3 16 9.189
cubic 4096 2 3 17 9.188
cubic 4096 2 3 18 9.198
cubic 4096 2 3 19 9.186
cubic 4096 2 3 20 9.201
cubic 4096 4 3 0 14.109
cubic 4096 4 3 1 13.986
cubic 4096 4 3 2 14.081
cubic 4096 4 3 3 14.091
cubic 4096 4 3 4 14.031
cubic 4096 4 3 5 14.087
cubic 4096 4 3 6 13.546
cubic 4096 4 3 7 12.217
cubic 4096 4 3 8 12.161
cubic 4096 4 3 9 12.151
cubic 4096 4 3 10 12.304
cubic 4096 4 3 11 12.186
cubic 4096 4 3 12 12.154
cubic 4096 4 3 13 12.206
cubic 4096 4 3 14 12.195
cubic 4096 4 3 15 12.180
cubic 4096 4 3 16 12.320
cubic 4096 4 3 17 12.187
cubic 4096 4 3 18 12.267
cubic 4096 4 3 19 12.144
cubic 4096 4 3 20 12.228
cubic 4096 8 3 0 21.956
cubic 4096 8 3 1 21.955
cubic 4096 8 3 2 21.841
cubic 4096 8 3 3 21.905
cubic 4096 8 3 4 20.334
cubic 4096 8 3 5 18.260
cubic 4096 8 3 6 18.205
cubic 4096 8 3 7 17.993
cubic 4096 8 3 8 18.036
cubic 4096 8 3 9 17.964
cubic 4096 8 3 10 18.013
cubic 4096 8 3 11 18.227
cubic 4096 8 3 12 17.879
cubic 4096 8 3 13 17.989
cubic 4096 8 3 14 18.015
cubic 4096 8 3 15 15.151
cubic 4096 8 3 16 12.087
cubic 4096 8 3 17 12.068
cubic 4096 8 3 18 12.091
cubic 4096 8 3 19 12.248
cubic 4096 8 3 20 12.230
cubic 4096 11 3 0 27.272
cubic 4096 11 3 1 27.309
cubic 4096 11 3 2 27.321
cubic 4096 11 3 3 27.363
cubic 4096 11 3 4 27.354
cubic 4096 11 3 5 27.265
cubic 4096 11 3 6 19.454
cubic 4096 11 3 7 15.019
cubic 4096 11 3 8 15.028
cubic 4096 11 3 9 15.035
cubic 4096 11 3 10 15.037
cubic 4096 11 3 11 14.958
cubic 4096 11 3 12 15.003
cubic 4096 11 3 13 14.997
cubic 4096 11 3 14 15.038
cubic 4096 11 3 15 15.004
cubic 4096 11 3 16 14.972
cubic 4096 11 3 17 15.011
cubic 4096 11 3 18 15.014
cubic 4096 11 3 19 15.024
cubic 4096 11 3 20 15.037
synth 1000 1 4 0 4.624
synth 1000 1 4 1 4.569
synth 1000 1 4 2 4.571
synth 1000 1 4 3 4.567
synth 1000 1 4 4 4.575
synth 1000 1 4 5 4.573
synth 1000 1 4 6 4.586
synth 1000 1 4 7 4.572
synth 1000 1 4 8 4.580
synth 1000 1 4 9 4.571
synth 1000 1 4 10 4.586
synth 1000 1 4 11 4.582
synth 1000 1 4 12 4.572
synth 1000 1 4 13 4.570
synth 1000 1 4 14 4.569
synth 1000 1 4 15 4.568
synth 1000 1 4 16 4.573
synth 1000 1 4 17 4.573
synth 1000 1 4 18 4.558
synth 1000 1 4 19 4.560
synth 1000 1 4 20 4.583
synth 2000 1 4 0 6.922
synth 2000 1 4 1 6.916
synth 2000 1 4 2 6.956
synth 2000 1 4 3 6.918
synth 2000 1 4 4 6.920
synth 2000 1 4 5 6.900
synth 2000 1 4 6 6.902
synth 2000 1 4 7 6.871
synth 2000 1 4 8 6.877
synth 2000 1 4 9 6.887
synth 2000 1 4 10 6.946
synth 2000 1 4 11 6.909
synth 2000 1 4 12 6.868
synth 2000 1 4 13 6.877
synth 2000 1 4 14 5.898
synth 2000 1 4 15 5.872
synth 2000 1 4 16 5.817
synth 2000 1 4 17 5.863
synth 2000 1 4 18 5.815
synth 2000 1 4 19 5.804
synth 2000 1 4 20 5.824
synth 4000 1 4 0 7.033
synth 4000 1 4 1 7.016
synth 4000 1 4 2 7.013
synth 4000 1 4 3 7.007
synth 4000 1 4 4 7.017
synth 4000 1 4 5 7.018
synth 4000 1 4 6 7.011
synth 4000 1 4 7 7.011
synth 4000 1 4 8 7.021
synth 4000 1 4 9 7.015
synth 4000 1 4 10 7.006
synth 4000 1 4 11 7.014
synth 4000 1 4 12 7.004
synth 4000 1 4 13 7.009
synth 4000 1 4 14 7.024
synth 4000 1 4 15 7.011
synth 4000 1 4 16 7.004
synth 4000 1 4 17 7.011
synth 4000 1 4 18 7.005
synth 4000 1 4 19 6.383
synth 4000 1 4 20 4.203
synth 8000 1 4 0 8.775
synth 8000 1 4 1 8.761
synth 8000 1 4 2 8.773
synth 8000 1 4 3 8.759
synth 8000 1 4 4 8.758
synth 8000 1 4 5 8.763
synth 8000 1 4 6 8.755
synth 8000 1 4 7 8.750
synth 8000 1 4 8 8.743
synth 8000 1 4 9 8.753
synth 8000 1 4 10 8.757
synth 8000 1 4 11 8.747
synth 8000 1 4 12 8.754
synth 8000 1 4 13 8.765
synth 8000 1 4 14 8.742
synth 8000 1 4 15 8.756
synth 8000 1 4 16 8.772
synth 8000 1 4 17 8.746
synth 8000 1 4 18 8.750
synth 8000 1 4 19 8.756
synth 8000 1 4 20 8.756
synth 16000 1 4 0 16.700
synth 16000 1 4 1 16.642
synth 16000 1 4 2 16.985
synth 16000 1 4 3 17.013
synth 16000 1 4 4 16.800
synth 16000 1 4 5 15.975
synth 16000 1 4 6 15.490
synth 16000 1 4 7 15.523
synth 16000 1 4 8 15.339
synth 16000 1 4 9 15.577
synth 16000 1 4 10 15.142
synth 16000 1 4 11 15.664
synth 16000 1 4 12 15.131
synth 16000 1 4 13 15.087
synth 16000 1 4 14 15.149
synth 16000 1 4 15 15.111
synth 16000 1 4 16 15.146
synth 16000 1 4 17 15.574
synth 16000 1 4 18 11.302
synth 16000 1 4 19 9.336
synth 16000 1 4 20 9.395
synth 32000 1 4 0 32.332
synth 32000 1 4 1 32.332
synth 32000 1 4 2 32.145
synth 32000 1 4 3 32.126
synth 32000 1 4 4 32.263
synth 32000 1 4 5 32.134
synth 32000 1 4 6 32.236
synth 32000 1 4 7 32.287
synth 32000 1 4 8 20.394
synth 32000 1 4 9 17.708
synth 32000 1 4 10 17.751
synth 32000 1 4 11 17.572
synth 32000 1 4 12 17.835
synth 32000 1 4 13 17.627
synth 32000 1 4 14 17.758
synth 32000 1 4 15 17.821
synth 32000 1 4 16 17.667
synth 32000 1 4 17 17.651
synth 32000 1 4 18 17.861
synth 32000 1 4 19 17.625
synth 32000 1 4 20 17.658
cubic 4096 1 4 0 8.397
cubic 4096 1 4 1 8.372
cubic 4096 1 4 2 8.381
cubic 4096 1 4 3 8.374
cubic 4096 1 4 4 8.368
cubic 4096 1 4 5 8.371
cubic 4096 1 4 6 8.385
cubic 4096 1 4 7 8.367
cubic 4096 1 4 8 8.371
cubic 4096 1 4 9 8.372
cubic 4096 1 4 10 8.361
cubic 4096 1 4 11 8.379
cubic 4096 1 4 12 8.367
cubic 4096 1 4 13 8.377
cubic 4096 1 4 14 8.358
cubic 4096 1 4 15 8.379
cubic 4096 1 4 16 8.371
cubic 4096 1 4 17 8.377
cubic 4096 1 4 18 8.376
cubic 4096 1 4 19 8.378
cubic 4096 1 4 20 8.366
cubic 4096 2 4 0 9.200
cubic 4096 2 4 1 9.190
cubic 4096 2 4 2 9.188
cubic 4096 2 4 3 9.200
cubic 4096 2 4 4 9.199
cubic 4096 2 4 5 9.200
cubic 4096 2 4 6 9.175
cubic 4096 2 4 7 9.207
cubic 4096 2 4 8 9.195
cubic 4096 2 4 9 9.206
cubic 4096 2 4 10 9.192
cubic 4096 2 4 11 8.456
cubic 4096 2 4 12 7.044
cubic 4096 2 4 13 7.042
cubic 4096 2 4 14 7.031
cubic 4096 2 4 15 7.032
cubic 4096 2 4 16 7.045
cubic 4096 2 4 17 7.037
cubic 4096 2 4 18 7.037
cubic 4096 2 4 19 7.039
cubic 4096 2 4 20 7.033
cubic 4096 4 4 0 14.018
cubic 4096 4 4 1 14.154
cubic 4096 4 4 2 14.027
cubic 4096 4 4 3 14.042
cubic 4096 4 4 4 14.019
cubic 4096 4 4 5 14.050
cubic 4096 4 4 6 14.065
cubic 4096 4 4 7 14.102
cubic 4096 4 4 8 11.236
cubic 4096 4 4 9 9.757
cubic 4096 4 4 10 9.776
cubic 4096 4 4 11 9.788
cubic 4096 4 4 12 9.797
cubic 4096 4 4 13 9.836
cubic 4096 4 4 14 9.796
cubic 4096 4 4 15 9.758
cubic 4096 4 4 16 9.788
cubic 4096 4 4 17 9.823
cubic 4096 4 4 18 9.770
cubic 4096 4 4 19 9.760
cubic 4096 4 4 20 9.789
cubic 4096 8 4 0 22.030
cubic 4096 8 4 1 22.147
cubic 4096 8 4 2 21.929
cubic 4096 8 4 3 22.252
cubic 4096 8 4 4 22.011
cubic 4096 8 4 5 21.967
cubic 4096 8 4 6 14.135
cubic 4096 8 4 7 13.816
cubic 4096 8 4 8 13.872
cubic 4096 8 4 9 14.018
cubic 4096 8 4 10 13.840
cubic 4096 8 4 11 13.842
cubic 4096 8 4 12 13.784
cubic 4096 8 4 13 13.836
cubic 4096 8 4 14 13.824
cubic 4096 8 4 15 13.942
cubic 4096 8 4 16 13.855
cubic 4096 8 4 17 14.102
cubic 4096 8 4 18 13.906
cubic 4096 8 4 19 13.896
cubic 4096 8 4 20 12.663
cubic 4096 11 4 0 27.254
cubic 4096 11 4 1 27.210
cubic 4096 11 4 2 27.362
cubic 4096 11 4 3 27.357
cubic 4096 11 4 4 27.398
cubic 4096 11 4 5 27.259
cubic 4096 11 4 6 27.273
cubic 4096 11 4 7 27.316
cubic 4096 11 4 8 20.354
cubic 4096 11 4 9 15.064
cubic 4096 11 4 10 15.027
cubic 4096 11 4 11 15.011
cubic 4096 11 4 12 14.990
cubic 4096 11 4 13 15.038
cubic 4096 11 4 14 15.074
cubic 4096 11 4 15 15.039
cubic 4096 11 4 16 14.999
cubic 4096 11 4 17 15.027
cubic 4096 11 4 18 15.064
cubic 4096 11 4 19 15.019
cubic 4096 11 4 20 15.037
synth 1000 1 5 0 4.621
synth 1000 1 5 1 4.579
synth 1000 1 5 2 4.570
synth 1000 1 5 3 4.585
synth 1000 1 5 4 4.608
synth 1000 1 5 5 4.564
synth 1000 1 5 6 4.559
synth 1000 1 5 7 4.576
synth 1000 1 5 8 4.600
synth 1000 1 5 9 4.576
synth 1000 1 5 10 4.559
synth 1000 1 5 11 4.569
synth 1000 1 5 12 4.571
synth 1000 1 5 13 4.591
synth 1000 1 5 14 4.563
synth 1000 1 5 15 4.574
synth 1000 1 5 16 4.579
synth 1000 1 5 17 4.584
synth 1000 1 5 18 4.570
synth 1000 1 5 19 4.591
synth 1000 1 5 20 4.597
synth 2000 1 5 0 6.940
synth 2000 1 5 1 6.845
synth 2000 1 5 2 6.918
synth 2000 1 5 3 6.925
synth 2000 1 5 4 6.927
synth 2000 1 5 5 6.942
synth 2000 1 5 6 6.912
synth 2000 1 5 7 6.921
synth 2000 1 5 8 6.917
synth 2000 1 5 9 6.901
synth 2000 1 5 10 6.938
synth 2000 1 5 11 6.914
synth 2000 1 5 12 6.899
synth 2000 1 5 13 6.927
synth 2000 1 5 14 6.896
synth 2000 1 5 15 5.697
synth 2000 1 5 16 5.356
synth 2000 1 5 17 5.405
synth 2000 1 5 18 5.377
synth 2000 1 5 19 5.409
synth 2000 1 5 20 5.400
synth 4000 1 5 0 7.035
synth 4000 1 5 1 7.004
synth 4000 1 5 2 7.016
synth 4000 1 5 3 7.013
synth 4000 1 5 4 7.018
synth 4000 1 5 5 7.016
synth 4000 1 5 6 7.024
synth 4000 1 5 7 7.008
synth 4000 1 5 8 7.011
synth 4000 1 5 9 7.020
synth 4000 1 5 10 7.017
synth 4000 1 5 11 7.013
synth 4000 1 5 12 7.006
synth 4000 1 5 13 7.008
synth 4000 1 5 14 7.008
synth 4000 1 5 15 7.020
synth 4000 1 5 16 7.002
synth 4000 1 5 17 7.009
synth 4000 1 5 18 7.019
synth 4000 1 5 19 7.019
synth 4000 1 5 20 7.018
synth 8000 1 5 0 8.757
synth 8000 1 5 1 8.764
synth 8000 1 5 2 8.749
synth 8000 1 5 3 8.770
synth 8000 1 5 4 8.769
synth 8000 1 5 5 8.750
synth 8000 1 5 6 8.762
synth 8000 1 5 7 8.760
synth 8000 1 5 8 8.759
synth 8000 1 5 9 8.761
synth 8000 1 5 10 8.216
synth 8000 1 5 11 8.053
synth 8000 1 5 12 8.056
synth 8000 1 5 13 8.060
synth 8000 1 5 14 8.045
synth 8000 1 5 15 8.043
synth 8000 1 5 16 8.038
synth 8000 1 5 17 8.047
synth 8000 1 5 18 8.043
synth 8000 1 5 19 8.050
synth 8000 1 5 20 8.043
synth 16000 1 5 0 16.621
synth 16000 1 5 1 16.774
synth 16000 1 5 2 16.593
synth 16000 1 5 3 16.987
synth 16000 1 5 4 16.567
synth 16000 1 5 5 16.370
synth 16000 1 5 6 14.587
synth 16000 1 5 7 14.210
synth 16000 1 5 8 14.277
synth 16000 1 5 9 14.570
synth 16000 1 5 10 14.545
synth 16000 1 5 11 14.492
synth 16000 1 5 12 14.621
synth 16000 1 5 13 14.355
synth 16000 1 5 14 14.522
synth 16000 1 5 15 14.345
synth 16000 1 5 16 14.470
synth 16000 1 5 17 14.470
synth 16000 1 5 18 14.626
synth 16000 1 5 19 11.372
synth 16000 1 5 20 9.138
synth 32000 1 5 0 32.107
synth 32000 1 5 1 31.966
synth 32000 1 5 2 32.452
synth 32000 1 5 3 32.288
synth 32000 1 5 4 32.359
synth 32000 1 5 5 31.837
synth 32000 1 5 6 32.314
synth 32000 1 5 7 30.185
synth 32000 1 5 8 17.614
synth 32000 1 5 9 17.831
synth 32000 1 5 10 17.847
synth 32000 1 5 11 17.616
synth 32000 1 5 12 17.615
synth 32000 1 5 13 17.602
synth 32000 1 5 14 17.712
synth 32000 1 5 15 17.388
synth 32000 1 5 16 17.630
synth 32000 1 5 17 17.764
synth 32000 1 5 18 17.796
synth 32000 1 5 19 17.582
synth 32000 1 5 20 17.622
cubic 4096 1 5 0 8.387
cubic 4096 1 5 1 8.381
cubic 4096 1 5 2 8.381
cubic 4096 1 5 3 8.367
cubic 4096 1 5 4 8.366
cubic 4096 1 5 5 8.365
cubic 4096 1 5 6 8.372
cubic 4096 1 5 7 8.356
cubic 4096 1 5 8 8.381
cubic 4096 1 5 9 8.360
cubic 4096 1 5 10 8.373
cubic 4096 1 5 11 8.363
cubic 4096 1 5 12 8.379
cubic 4096 1 5 13 8.372
cubic 4096 1 5 14 8.366
cubic 4096 1 5 15 8.371
cubic 4096 1 5 16 8.369
cubic 4096 1 5 17 8.365
cubic 4096 1 5 18 8.373
cubic 4096 1 5 19 8.364
cubic 4096 1 5 20 8.372
cubic 4096 2 5 0 9.205
cubic 4096 2 5 1 9.190
cubic 4096 2 5 2 9.183
cubic 4096 2 5 3 9.191
cubic 4096 2 5 4 9.183
cubic 4096 2 5 5 9.181
cubic 4096 2 5 6 9.192
cubic 4096 2 5 7 9.193
cubic 4096 2 5 8 9.193
cubic 4096 2 5 9 9.040
cubic 4096 2 5 10 9.047
cubic 4096 2 5 11 9.052
cubic 4096 2 5 12 9.049
cubic 4096 2 5 13 9.056
cubic 4096 2 5 14 9.039
cubic 4096 2 5 15 9.045
cubic 4096 2 5 16 9.042
cubic 4096 2 5 17 9.035
cubic 4096 2 5 18 9.047
cubic 4096 2 5 19 9.047
cubic 4096 2 5 20 9.033
cubic 4096 4 5 0 14.131
cubic 4096 4 5 1 14.067
cubic 4096 4 5 2 14.033
cubic 4096 4 5 3 14.008
cubic 4096 4 5 4 14.083
cubic 4096 4 5 5 14.108
cubic 4096 4 5 6 13.292
cubic 4096 4 5 7 13.061
cubic 4096 4 5 8 13.085
cubic 4096 4 5 9 13.122
cubic 4096 4 5 10 13.056
cubic 4096 4 5 11 13.105
cubic 4096 4 5 12 13.017
cubic 4096 4 5 13 13.084
cubic 4096 4 5 14 13.058
cubic 4096 4 5 15 13.115
cubic 4096 4 5 16 13.043
cubic 4096 4 5 17 13.068
cubic 4096 4 5 18 13.081
cubic 4096 4 5 19 13.065
cubic 4096 4 5 20 13.122
cubic 4096 8 5 0 22.163
cubic 4096 8 5 1 21.863
cubic 4096 8 5 2 22.224
cubic 4096 8 5 3 21.890
cubic 4096 8 5 4 22.255
cubic 4096 8 5 5 22.221
cubic 4096 8 5 6 22.308
cubic 4096 8 5 7 22.043
cubic 4096 8 5 8 22.331
cubic 4096 8 5 9 21.885
cubic 4096 8 5 10 21.961
cubic 4096 8 5 11 13.073
cubic 4096 8 5 12 12.064
cubic 4096 8 5 13 12.051
cubic 4096 8 5 14 12.035
cubic 4096 8 5 15 12.044
cubic 4096 8 5 16 12.213
cubic 4096 8 5 17 12.207
cubic 4096 8 5 18 12.055
cubic 4096 8 5 19 12.014
cubic 4096 8 5 20 12.234
cubic 4096 11 5 0 27.372
cubic 4096 11 5 1 27.308
cubic 4096 11 5 2 27.309
cubic 4096 11 5 3 27.326
cubic 4096 11 5 4 24.637
cubic 4096 11 5 5 17.447
cubic 4096 11 5 6 17.405
cubic 4096 11 5 7 17.489
cubic 4096 11 5 8 17.496
cubic 4096 11 5 9 17.329
cubic 4096 11 5 10 17.433
cubic 4096 11 5 11 17.485
cubic 4096 11 5 12 17.428
cubic 4096 11 5 13 17.513
cubic 4096 11 5 14 17.458
cubic 4096 11 5 15 17.428
cubic 4096 11 5 16 15.026
cubic 4096 11 5 17 15.011
cubic 4096 11 5 18 15.037
cubic 4096 11 5 19 15.050
cubic 4096 11 5 20 14.970
